-4.169999999999987494e+02 -1.339999999999995708e-03 -1.429999999999995944e-03
-1.469999999999980389e+02 -3.599999999999931380e-04 -6.299999999999938462e-04
1.740000000000027853e+02 6.300000000000094587e-04 5.300000000000091964e-04
3.420000000000032401e+02 1.170000000000010441e-03 1.110000000000011151e-03
5.010000000000038085e+02 1.730000000000011910e-03 1.620000000000012055e-03
5.310000000000036380e+02 1.790000000000012935e-03 1.740000000000012370e-03
5.160000000000037517e+02 1.750000000000012830e-03 1.680000000000012213e-03
3.900000000000033538e+02 1.330000000000010861e-03 1.260000000000011111e-03
2.190000000000029274e+02 7.700000000000098259e-04 6.300000000000094587e-04
6.000000000000250111e+01 2.300000000000084095e-04 1.800000000000082784e-04
-1.979999999999981810e+02 -6.199999999999938199e-04 -6.999999999999940298e-04
-3.869999999999986926e+02 -1.239999999999995446e-03 -1.329999999999995682e-03
-4.919999999999989768e+02 -1.609999999999996417e-03 -1.669999999999996574e-03
